100
2
10 11
3
0 9 9
4
81 67 83 86
3
11 22 30
1
0
1
5
1
999999
1
1000000
2
5 10
3
0 10 11
5
10 20 21 22 23
5
422808 211404 761062 845625 491519
5
23 7 99 43 99
5
48 58 42 31 65
5
62 67 46 82 78
5
72 7 74 24 91
5
50 81 12 38 17
5
16 59 4 32 72
5
94 7 92 18 36
5
62 17 43 21 7
5
24 57 100 69 0
5
67 43 3 78 24
10
10 44 66 30 27 23 25 35 16 14
10
62 54 74 46 96 91 67 32 43 87
10
90 21 25 73 42 98 70 85 81 6
10
100 30 9 47 2 35 81 48 5 40
10
75 59 93 18 19 2 44 5 69 30
10
25 24 49 63 81 62 43 97 20 69
10
100 65 77 17 78 37 19 12 97 2
10
96 38 55 83 3 98 82 39 3 39
10
40 16 32 65 73 42 93 77 10 33
10
26 72 96 4 8 64 30 76 24 36
5
908021 956848 918713 926427 820191
5
838362 899993 905509 962994 842219
5
828482 927847 830133 893332 980094
5
805464 881717 941841 843899 956024
5
876214 992547 947346 988709 950647
5
816875 871847 984681 928553 912249
5
922485 858982 807890 879473 826582
5
916033 868892 895521 938862 872468
5
805258 922079 923851 930610 800855
5
950265 834597 879533 973590 865448
10
886726 983596 906004 951753 950303 853917 811649 897208 851443 885336
10
923600 917176 831245 825014 900012 959457 944075 850670 900036 929877
10
980152 977363 998760 820582 820376 812105 926982 901854 881147 985984
10
844448 872028 967098 819954 966117 990103 805282 964136 829953 890516
10
911173 864461 801400 872408 800299 824813 885194 846968 823175 892430
10
803889 945232 957325 986655 868678 963840 925237 896977 863236 941752
10
859923 866683 962737 923288 925234 923989 863950 871283 957577 821672
10
877101 849337 955927 997109 865196 960488 814875 827607 841454 801962
10
993758 934306 854563 824972 967153 823696 863079 972770 877606 907159
10
861147 930045 926857 890728 943015 947334 828470 875192 800945 942870
10
69 964135 943506 98 0 974862 943477 59 965419 4
10
854696 25 856346 863822 969342 92 18 2 901260 82
10
13 39 917039 835048 838088 85 89 820971 928838 38
10
54 49 22 53 837192 88 910700 835325 822082 960538
10
994819 986068 853639 8 58 3 973179 33 942712 98
10
11 831628 830124 49 974283 10 943977 95 53 979945
10
94 100 32 972100 948507 977105 25 914808 938114 71
10
80 75 50 857254 808378 848592 836330 36 100 899549
10
16 951709 42 938109 934508 14 90 952811 54 889814
10
89 78 848255 962689 77 879728 983105 32 78 832017
10
60 967422 967551 911644 808490 35 970099 85 87 4
10
70 984790 910366 976920 71 60 84 979022 906564 81
10
37 869664 48 32 997459 813900 896143 58 15 824901
10
982212 53 916413 47 16 890345 15 968308 843070 24
10
48 81 17 913194 12 876239 839223 3 817408 844232
10
20 876420 2 995372 972917 926802 0 81 87 872774
10
68 72 860359 902153 67 79 861246 875100 82 912574
10
990258 50 831352 56 12 882854 13 961419 914921 33
10
26 75 4 95 923110 911534 86 848781 885875 888634
10
25 877338 25 822293 64 3 903647 877958 4 883350
7
429035 801410 622465 901040 158580 292150 185490
10
54887 140318 137715 938130 29940 968460 95060 386016 155905 53910
8
17350 91640 399505 747450 473060 146912 183813 77300
8
695900 993005 295770 578068 933880 483635 536420 737990
9
793595 334550 306663 909495 271726 481730 163250 431495 324502
8
577915 322646 186135 655850 401843 239660 83944 837865
7
36940 244160 600820 247020 257205 407600 712100
7
724195 334017 437740 903660 946976 509580 84830
10
183080 16828 107925 800070 661545 496410 957920 323865 227815 855780
8
640985 503965 555175 865670 166320 855630 19250 111805
9
981580 449535 149745 295550 440415 191145 601991 467487 840080
10
617520 295280 166010 431207 91595 371375 484848 400810 198569 83441
10
5650 442231 203224 84878 418140 925306 856150 246885 463225 997545
10
701640 338400 62300 600324 855190 892730 853060 90815 828976 317964
10
94055 467535 524655 963610 923115 240040 694940 208525 852575 122740
8
491880 547564 352615 980570 588585 992080 390770 22067
10
674750 145505 439080 938825 357460 786665 904650 37680 314110 978400
10
560476 388935 271715 947740 949690 980205 807988 590375 470420 128835
9
568215 122155 969455 15271 789525 913370 600980 491415 578144
7
900510 440794 778345 375130 709100 384960 442005
7
79591 73305 546254 435470 820241 804804 923544
9
525414 491609 546031 573797 859072 583444 450552 763267 82512
6
490727 203279 162360 309882 248310 243851
10
207202 7649 642962 895150 561309 980741 272331 826341 35398 756850
3
166467 395344 995821
10
88129 333138 722426 410375 590188 343553 407902 978631 251406 520007
9
293321 350367 881433 779613 268891 784470 751860 567217 775361
3
343675 603355 590230
